93.1369
93.1352
93.1382
93.1383
93.1380
93.1386
93.1368
93.1348
93.1390
93.1354
93.1376
93.1380
93.1364
93.1414
93.1393
93.1383
93.1435
93.1418
93.1383
93.1396
93.1372
93.1351
93.1338
93.1366
93.1356
93.1351
93.1353
93.1354
93.1381
93.1340
93.1356
93.5092
93.5071
93.5058
93.5064
93.5071
93.5072
93.5054
93.5023
93.5005
93.5007
93.5001
93.5000
93.4961
93.4976
93.4988
93.4992
93.5021
93.5044
93.5028
93.5071
93.5046
93.5058
93.5068
93.5092
93.5071
93.5096
93.5141
93.5087
93.5125
93.5104
93.5091
93.5116
93.5115
93.5109
93.5142
93.5178
93.5159
93.5121
93.5141
93.5161
93.5169
93.5184
93.5173
93.5184
93.5190
93.5177
93.5164
93.5199
93.5204
93.5193
93.5162
93.5167
93.5144
93.5154
93.5203
93.5160
93.5176
93.5127
93.5197
93.5206
93.5196
93.5193
93.5242
93.5199
93.5228
93.5238
93.5231
93.5230
93.5241
93.5257
93.5256
93.5297
93.5251
93.5235
93.5259
93.5266
93.5262
93.5254
93.5241
93.5265
93.5282
93.5290
93.5295
93.5282
93.5258
93.5261
93.5250
93.5247
93.5237
93.5255
93.5239
93.5241
93.5278
93.5233
93.5242
93.5231
93.5259
93.5285
93.5267
93.5248
93.5262
93.5283
93.5276
93.5294
93.5267
93.5239
93.5272
93.5224
93.5290
93.5289
93.5230
93.5243
93.5304
93.5272
93.5230
93.5261
93.5271
93.5245
93.5233
93.5233
93.5205
93.5263
93.5263
93.5279
93.5286
93.5271
93.5242
93.5288
93.5307
93.5251
93.5257
93.5253
93.5277
93.5262
93.5254
93.5277
93.5286
93.5278
93.5268
93.5286
93.5291
93.5264
93.5274
93.5265
93.5297
93.5291
93.5278
93.5280
93.5275
93.5275
93.5293
93.5259
93.5305
93.5281
93.5297
93.5297
93.5295
93.5282
93.5293
93.5329
93.5293
93.5263
93.5251
93.5292
93.5288
93.5286
93.5269
93.5308
93.5244
93.5274
93.5277
93.5285
93.5257
93.5288
93.5283
93.5290
93.5284
93.5300
93.5313
93.5291
93.5302
93.5310
93.5330
93.5303
93.5263
93.5303
93.5317
93.5321
93.5328
93.5316
93.5306
93.5298
93.5317
93.5299
93.5320
93.5312
93.5309
93.5307
93.5288
93.5274
93.5285
93.5243
93.5266
93.5266
93.5222
93.5248
93.5295
93.5303
93.5301
93.5246
93.5252
93.5245
93.5226
93.5253
93.5255
93.5294
93.5297
93.5320
93.5308
93.5291
93.5293
93.5276
93.5278
93.5322
93.5277
93.5306
93.5286
93.5261
93.5274
93.5291
93.5256
93.5254
93.5226
93.5253
93.5307
93.5315
93.5308
93.5283
93.5288
93.5284
93.5289
93.5234
93.5263
93.5281
93.5276
93.5291
93.5307
93.5324
93.5304
93.5315
93.5286
93.5294
93.5265
93.5299
93.5280
93.5271
93.5258
93.5305
93.5307
93.5308
93.5291
93.5253
93.5273
93.5236
93.5243
93.5294
93.5252
93.5268
93.5298
93.5304
93.5284
93.5283
93.5265
93.5282
93.5257
93.5242
93.5255
93.5244
93.5272
93.5266
93.5273
93.5259
93.5265
93.5883
93.8181
93.8178
93.8197
93.8197
93.8174
93.8168
93.8123
93.8132
93.8144
93.8127
93.8153
93.8175
93.8164
93.8169
93.8155
93.8167
93.8190
93.8145
93.8161
93.8162
93.8198
93.8209
93.8206
93.8199
93.8208
93.8194
93.8179
93.8176
93.8186
93.8150
93.8170
93.8215
93.8221
93.8179
93.8175
93.8154
93.8155
93.8165
93.8175
93.8162
93.8140
93.8169
93.8173
93.8188
93.8203
93.8183
93.8212
93.8185
93.8202
93.8218
93.8171
93.8174
93.8174
93.8172
93.8209
93.8217
93.8202
93.8180
93.8185
93.8181
93.8155
93.8169
93.8149
93.8135
93.8140
93.8141
93.8187
93.8194
93.8158
93.8180
93.8164
93.8171
93.8204
93.8202
93.8200
93.8165
93.8201
93.8170
93.8150
93.8175
93.8166
93.8161
93.8162
93.8194
93.8175
93.8203
93.8195
93.8209
93.8174
93.8176
93.8188
93.8189
93.8217
93.8183
93.8193
0.0
93.8210
